[(0.578, 0.8526315789473684, 0.6056074766355141), (0.664, 0.6157894736842106, 0.582089552238806)]

[(0.576, array([0.63559322, 0.52631579, 0.58854167]), array([0.62761506, 0.55401662, 0.565     ])), (0.582, array([0.72881356, 0.46315789, 0.609375  ]), array([0.7107438 , 0.50867052, 0.56796117]))]

[(0.618, array([0.5483871 , 0.73157895]), array([0.64030132, 0.59275053])), (0.602, array([0.51290323, 0.74736842]), array([0.61508704, 0.58799172]))]

[(0.594, array([0.80508475, 0.50526316, 0.55208333]), array([0.80508475, 0.51612903, 0.54081633])), (0.592, array([0.75423729, 0.44736842, 0.63541667]), array([0.79464286, 0.49275362, 0.56612529]))]

[(0.618, array([0.5483871 , 0.73157895]), array([0.64030132, 0.59275053])), (0.602, 0.7473684210526316, 0.587991718426501)]

[(0.62, 0.7315789473684211, 0.594017094017094), (0.604, 0.7526315789473684, 0.5909090909090909)]
[(0.618, 0.4981949458483754, 0.7263157894736842, 0.5910064239828694), (0.608, 0.4897260273972603, 0.7526315789473684, 0.5933609958506224)]

[(0.594, array([0.80508475, 0.52777778, 0.52970297]), array([0.80508475, 0.5       , 0.55729167]), array([0.80508475, 0.51351351, 0.54314721])), (0.598, array([0.85576923, 0.55769231, 0.5125    ]), array([0.75423729, 0.45789474, 0.640625  ]), array([0.8018018 , 0.50289017, 0.56944444]))]

[(0.576, array([0.61983471, 0.58479532, 0.54326923]), array([0.63559322, 0.52631579, 0.58854167]), array([0.62761506, 0.55401662, 0.565     ])), (0.582, array([0.69354839, 0.56410256, 0.53181818]), array([0.72881356, 0.46315789, 0.609375  ]), array([0.7107438 , 0.50867052, 0.56796117]))]

[(0.62, 0.5, 0.7315789473684211, 0.594017094017094), (0.604, 0.48639455782312924, 0.7526315789473684, 0.5909090909090909)]

claimnonclaim EWE
		accuracy	precision				recall					fscore
SVM		0.62		0.5					0.7315789473684211			0.594017094017094
logreg		0.604		0.48639455782312924			0.7526315789473684			0.5909090909090909		


claimprenonarg (multiclass) EWE
		accuracy	precision				recall					fscore
SVM		0.576		0.61983471 0.58479532 0.54326923	0.63559322, 0.52631579, 0.58854167	0.62761506, 0.55401662, 0.565
logreg		0.582		0.69354839 0.56410256 0.53181818	0.72881356, 0.46315789, 0.609375	0.7107438 , 0.50867052, 0.56796117


claimnonclaim
		accuracy	precision				recall					fscore
SVM		0.618		0.4981949458483754			0.7263157894736842			0.5910064239828694
logreg		0.608		0.4897260273972603			0.7526315789473684			0.5933609958506224


claimprenonarg (multiclass) feats
		accuracy	precision				recall					fscore
SVM		0.594		0.80508475 0.52777778 0.52970297	0.80508475 0.5 0.55729167		0.80508475 0.51351351 0.54314721
logreg		0.598		0.85576923 0.55769231 0.5125		0.75423729 0.45789474 0.640625		0.8018018 0.50289017 0.56944444




SVM C=1.0 Accuracy: 0.67 (+/- 0.04)
logistic regression: Accuracy: 0.68 (+/- 0.03)


claimprenonarg
Accuracy: 0.60 (+/- 0.04)
Accuracy: 0.60 (+/- 0.04)
